代数 最佳适应值 x	   y     平均值    总和值
     1  16.674   8.519   3.149  22.789  4557.784
     2  16.560   8.095   3.414  23.993  4798.539
     3  16.517   7.548   3.284  24.571  4914.295
     4  16.517   7.548   3.284  25.814  5162.767
     5  16.517   7.548   3.284  26.251  5250.273
     6  16.517   7.548   3.284  26.724  5344.786
     7  16.517   7.548   3.284  27.146  5429.108
     8  16.517   7.548   3.284  27.365  5472.922
     9  16.517   7.548   3.284  26.140  5227.988
    10  16.517   7.548   3.284  27.164  5432.723
    11  16.517   7.548   3.284  27.599  5519.737
    12  16.515   7.675   3.166  28.207  5641.329
    13  16.515   7.675   3.166  28.513  5702.580
    14  16.515   7.675   3.166  28.984  5796.894
    15  16.515   7.675   3.166  28.804  5760.833
    16  16.515   7.675   3.166  28.746  5749.104
    17  16.515   7.675   3.166  28.716  5743.266
    18  16.515   7.675   3.166  28.259  5651.836
    19  16.515   7.675   3.166  28.615  5723.021
    20  16.515   7.675   3.166  29.724  5944.774
    21  16.515   7.675   3.166  29.914  5982.817
    22  16.515   7.675   3.166  30.163  6032.586
    23  16.515   7.675   3.166  29.801  5960.223
    24  16.515   7.675   3.166  29.095  5818.977
    25  16.515   7.675   3.166  29.516  5903.163
    26  16.515   7.675   3.166  30.333  6066.522
    27  16.515   7.675   3.166  30.505  6100.931
    28  16.515   7.675   3.166  30.034  6006.806
    29  16.515   7.675   3.166  29.413  5882.609
    30  16.515   7.675   3.166  29.808  5961.584
    31  16.515   7.675   3.166  29.935  5986.962
    32  16.515   7.675   3.166  29.388  5877.657
    33  16.515   7.675   3.166  29.745  5949.033
    34  16.515   7.675   3.166  30.632  6126.434
    35  16.515   7.675   3.166  30.862  6172.329
    36  16.515   7.675   3.166  30.835  6166.999
    37  16.515   7.675   3.166  30.616  6123.182
    38  16.515   7.675   3.166  29.893  5978.675
    39  16.515   7.686   3.342  29.458  5891.605
    40  16.515   7.686   3.342  29.353  5870.528
    41  16.515   7.686   3.342  29.253  5850.639
    42  16.515   7.686   3.342  29.991  5998.214
    43  16.515   7.686   3.342  30.242  6048.395
    44  16.515   7.686   3.342  29.997  5999.304
    45  16.515   7.686   3.342  30.413  6082.642
    46  16.515   7.686   3.342  29.464  5892.785
    47  16.514   7.686   3.199  29.721  5944.256
    48  16.514   7.686   3.199  29.618  5923.503
    49  16.514   7.686   3.199  30.139  6027.743
    50  16.514   7.686   3.199  30.186  6037.127
    51  16.514   7.686   3.199  30.210  6042.078
    52  16.514   7.686   3.199  30.088  6017.519
    53  16.514   7.686   3.199  30.514  6102.721
    54  16.514   7.686   3.199  29.963  5992.652
    55  16.514   7.686   3.199  29.345  5868.940
    56  16.514   7.686   3.199  28.981  5796.251
    57  16.514   7.686   3.199  28.754  5750.898
    58  16.514   7.686   3.199  28.749  5749.731
    59  16.514   7.686   3.199  28.378  5675.648
    60  16.514   7.686   3.199  28.177  5635.340
    61  16.514   7.686   3.199  28.247  5649.371
    62  16.514   7.686   3.199  27.964  5592.837
    63  16.514   7.686   3.199  28.355  5670.912
    64  16.514   7.686   3.199  28.919  5783.823
    65  16.514   7.686   3.199  29.009  5801.764
    66  16.514   7.686   3.199  28.834  5766.766
    67  16.514   7.686   3.199  29.063  5812.583
    68  16.514   7.686   3.199  28.859  5771.759
    69  16.514   7.686   3.199  28.934  5786.807
    70  16.514   7.686   3.199  28.713  5742.647
    71  16.514   7.686   3.199  28.536  5707.112
    72  16.514   7.686   3.199  28.330  5665.924
    73  16.514   7.686   3.199  28.259  5651.756
    74  16.514   7.686   3.199  28.489  5697.887
    75  16.514   7.686   3.199  28.693  5738.621
    76  16.514   7.686   3.199  29.665  5932.910
    77  16.514   7.686   3.199  29.908  5981.503
    78  16.514   7.686   3.199  28.959  5791.887
    79  16.514   7.686   3.199  28.847  5769.474
    80  16.514   7.686   3.199  29.217  5843.321
    81  16.514   7.686   3.199  29.218  5843.672
    82  16.514   7.686   3.199  29.704  5940.844
    83  16.514   7.686   3.199  29.618  5923.600
    84  16.514   7.686   3.199  30.365  6072.922
    85  16.514   7.686   3.199  30.676  6135.126
    86  16.514   7.686   3.199  30.675  6134.940
